733
55336
16358
8492
40519
29066
21116
65423
58956
42806
2764
60370
39943
59828
6769
41069
50140
39080
19496
64123
43320
55904
48768
62884
19903
15573
35582
52230
21841
59429
8891
60918
40850
22694
60982
63288
53402
38369
18167
58407
34999
55943
44268
9837
6391
7450
24969
51712
15145
46173
8132
53433
6460
55300
2288
64501
54561
31079
31378
34548
3655
48921
19717
33001
40789
63234
60387
21374
63254
20299
36505
47997
17485
61584
16708
30724
34204
13136
15956
48897
1287
14046
36042
38226
364
46997
32691
22778
62500
58285
7280
64204
58509
31955
22412
8957
60084
31884
9719
81
13079
52233
16370
1330
2793
26146
42895
51936
3258
64331
17470
16389
17081
23438
15265
12603
6344
56781
26484
48272
1762
55879
31456
19249
62898
29576
52178
40136
15742
24
15140
61261
45794
4312
11243
5101
13537
32939
21149
42587
58130
62874
63779
44403
1581
44143
56115
31102
42637
32351
43477
10661
19724
41462
24119
42789
41778
49827
40705
22669
62707
3153
970
51843
39130
20990
26625
47749
5123
8830
28064
64839
6426
19986
46613
1727
62458
12446
1543
64431
61736
54037
31259
53705
28524
5122
44779
9249
36110
9094
5532
52841
34075
16969
342
53306
54834
23828
33759
25884
46732
25487
31585
5591
2421
55896
12172
60713
62852
33003
59544
7613
64255
63718
54565
42776
51715
21212
63051
16641
8414
31483
52718
37158
16811
50924
40344
17803
22080
15057
50436
45684
51576
65210
43729
22166
44385
54625
22474
2500
48610
31823
8648
6874
23209
35654
37933
49963
12927
50572
24176
8331
35046
26023
52969
25005
1412
16967
31820
5661
27415
26748
46235
6456
28880
48338
10760
46352
64858
50695
55042
18207
10015
14065
19538
51706
33796
53151
10954
46343
50301
34978
37572
8527
49017
17274
7358
18788
22168
16220
6933
23124
36066
57726
39794
33135
17799
939
10436
37945
55695
44083
19759
29147
29136
36598
8259
44943
59359
17247
6037
6166
57955
7920
62414
23714
27086
60848
51856
23697
32328
1970
50816
2412
14271
13442
1744
9130
20004
49179
27633
59025
9064
60350
45523
45200
26514
7927
42794
35039
15877
4586
62754
15427
4117
12612
46311
51796
21477
43117
35226
59533
20124
10177
1376
2384
21786
46880
39665
47472
3855
40973
3374
44573
60083
16913
30383
59403
6034
53942
30163
10567
30910
39610
13352
34170
32874
47011
21162
36395
59988
33326
14758
5386
52455
310
24912
2289
42078
7212
51270
32641
32568
65106
40806
35715
6633
12196
48211
1433
31809
55892
30348
3820
27923
53979
20340
37813
27519
32858
15422
36595
26215
542
28729
32563
52433
41326
18880
12115
16925
38113
29916
9749
39907
27229
57070
53068
45706
22317
36308
17061
44059
23554
54277
2106
30730
282
40321
47211
1131
43651
41540
21942
1273
31963
1457
64092
47150
55972
31571
64675
5298
22525
38227
37839
20096
45
15799
27559
34093
34429
2669
58694
15711
1529
44612
14621
59119
17723
63554
34362
49635
42739
34051
59927
42801
55467
39171
49088
62093
43561
23833
19531
43199
43112
15539
45874
60458
25833
37619
17448
16352
63580
36093
522
15691
59459
17353
295
9417
27405
29211
44856
27633
24807
15640
59575
39142
11148
49200
12421
29845
32048
28201
63302
22896
40479
36618
53911
32286
2456
57481
49667
60078
56312
6910
31262
48063
59269
24290
24908
61352
45499
51467
49219
19416
6468
48396
18725
44922
7519
51375
5163
57355
23479
2348
1151
47819
7192
12657
1259
44794
46920
63676
11801
53956
12632
27233
19660
32010
36394
35391
16834
44729
10292
204
29921
14706
17864
39584
47010
1025
22863
18226
42370
480
21567
34624
27295
61334
28984
22213
41139
54370
48029
28378
45600
43706
59933
34274
43615
19497
4471
11751
45295
48253
40605
38829
17158
43237
22732
43958
6623
46844
64291
22759
43578
20635
45047
56103
23027
54167
61913
53811
642
8130
15540
23315
61079
34773
51673
7651
1765
51276
61746
64324
32293
15663
52228
47661
44479
44266
29411
29355
28546
28208
35587
23606
47622
11310
1026
38656
14389
26455
4980
33338
22560
33970
28658
62
25163
55315
13243
57085
5460
22373
34394
21274
25102
53873
37078
45206
7759
52077
46080
40374
17449
13586
53577
9572
52949
20881
61886
34803
24792
64768
29506
47554
56014
25409
184
27659
4215
47634
10626
4035
14951
11168
7880
1857
51389
16067
27810
5041
62868
45784
4102
18626
35050
55022
54327
18311
10775
17574
24187
3387
20276
29775
46772
43597
60797
21078
23050
51337
53747
7356
36205
39189
61729
3644
30051
58129
17723
23331
64163
11705
57180
50357
54057
51435
7898
31608
27543
56640
25752
2887
50769
37638
56831
28807
34488
2033
28276
44074
37245
20989
5613
3377
56761
44938
25855
28582
35180
63397
47883
7539
3057
11436
13468
47875
58460
38450
62682
34043
22350
44257
15412
63074
11037
30524
39979
26720
53084
52140
51768
59417
18270
41316
65294
13538
27506
64381
36058
40078
8267
19
62093
11447
25693
63443
37306
3088
40861
57182
29147
12697
46783
26157
52736
61900
8614
45830
18925
54770
43422
8893
10812
3848
31562
12426
8909
119
52269
9919
13063
18567
41069
55241
35959
15170
17642
42864
11797
27649
3290
26741
13937
59873
13904
62977
34404
11790
44832
39163
47427
28650
23097
35578
19581
58103
62446
19467
57610
47210
52784
28509
39000
14639
50888
59783
51886
7046
48478
14724
43231
15169
59939
28559
21473
62703
27436
62867
1236
29961
36109
10557
14181
28331
7277
19060
17004
40187
53273
35212
345
53120
60767
3318
47356
9988
24134
44464
20019
55050
58790
46754
57629
62293
60013
46215
62635
50098
3064
27596
31946
35122
22593
22621
49833
11461
40317
22614
27476
54637
57323
14085
21555
3307
3563
34219
30039
14865
54791
40417
53846
52674
44779
12359
10924
55117
47090
8883
2839
9154
35920
2507
15474
18723
48700
31298
27123
26737
36286
24382
34401
55253
61400
12164
53949
60082
22901
24702
5862
3974
41858
55916
55330
46724
42985
58278
52208
17798
50368
18817
20557
32380
58204
54077
52484
23326
19523
61324
57934
8298
31312
60861
64636
60818
13488
63583
52030
58824
59965
20359
9086
51976
18204
37511
43308
41958
56553
47027
54134
1625
3980
31352
8371
8576
36406
20892
20858
9508
13584
11013
4722
34768
28628
31937
44238
3269
45370
23795
49652
1546
35004
53511
13583
49090
41156
18685
2495
41128
27953
8372
64998
41842
45163
36627
16002
6254
53358
3690
34835
904
54569
16477
48466
14857
10873
27649
29976
166
34501
53150
9612
18079
16055
54939
47984
31190
38037
42168
53517
60760
15211
49839
53308
49679
31559
58114
63014
39165
5804
7838
52318
5647
44631
24731
38949
60219
44548
63702
49259
23680
40710
64527
47141
52622
1856
35796
52722
36484
27384
8850
25578
38718
9980
58340
61738
911
24585
63748
27093
20564
44859
27645
30806
35148
33566
52588
55976
16618
40088
15788
42874
17275
32726
54063
4628
7742
34225
40342
14352
5697
34483
26801
7968
52133
12507
8768
23239
62628
52251
53586
19929
33293
20362
14885
25242
28733
4279
1347
52768
11247
54118
27286
32912
24504
39765
30929
9619
4572
30388
58699
25637
31022
9593
38366
18916
14297
61900
41432
6688
14137
7999
38873
34984
16998
44628
23616
63680
26323
9397
7774
20385
24616
21093
6003
27606
43003
3105
49195
60160
29686
22071
53471
56687
9507
654
55906
26356
16650
37730
39515
25720
52373
53830
51125
32354
60606
6299
33715
37084
24091
63574
49398
12634
55449
1530
38162
27551
45360
18703
52356
10153
22915
40749
13934
5769
52060
43999
40955
58815
4050
51788
42217
5649
53143
63080
22342
57816
25242
1075
33563
35799
38041
52489
63246
24593
50026
53094
24076
47749
56796
51060
18497
4698
31300
39108
60885
46878
56777
37610
18534
29140
27501
16866
12346
10170
17631
26907
58787
13757
57604
41420
10826
64925
48778
42344
21047
22363
60338
41626
55243
10026
31356
52808
50929
51369
50406
45185
9951
63019
32695
5717
15279
31561
41098
24671
4036
51882
39188
46087
51434
4603
1772
42052
28670
46937
52974
14712
30807
58381
39929
38366
23743
29679
28704
45403
59835
9507
52822
8714
11584
38038
59991
55565
60443
46964
50057
57167
55255
47288
12691
62678
41755
21686
41776
36802
5615
54974
15195
8692
55524
39340
31257
170
41770
39999
9420
15805
10929
7638
21045
60860
54483
25804
47727
52292
27743
19036
59321
4187
35245
31937
28253
55758
6207
2667
14501
36550
59018
21365
5137
25243
16712
30824
59908
53704
56782
16417
52321
7832
60114
10343
50092
29996
50331
53212
42749
14195
3060
18854
63284
42472
17357
10365
59502
28927
45561
3304
38511
5932
17809
37652
28484
6713
24185
17882
18372
62390
10506
15066
39486
29324
56662
15999
64952
52913
3094
5202
56939
60825
11773
51222
64739
2551
57771
55046
41822
43399
43825
16213
55455
3146
30664
63118
28744
5722
22839
11294
36161
52193
50130
16965
37896
1482
6673
44822
27880
63805
48462
53850
38934
55779
37008
6146
29482
64879
59891
1435
35233
1817
41617
37883
301
6941
57630
37676
8872
55419
11059
22393
18687
62067
47145
24829
3374
10784
15706
120
18087
52629
22308
30623
6298
16777
16024
55781
6261
20771
6815
27637
50013
14146
1830
31692
34671
59129
64739
61510
18759
57683
41728
30424
16348
5350
64315
7670
4339
64222
17939
35376
24945
5529
24523
18662
40204
50136
42060
39177
22065
5566
18393
27594
49119
31214
29418
60688
38090
54332
20283
37045
16947
41468
2780
56555
22665
5456
61154
41072
3573
34615
22172
33389
61702
57873
12763
54184
2413
17939
12981
2293
60463
9714
26817
53373
51934
13334
26353
59460
61350
62593
14110
31673
28343
65472
15590
20446
1489
26338
21384
54159
46168
64224
41501
37536
63458
55199
58988
64747
35274
15988
53843
61632
6505
42661
18338
13893
49669
4226
50197
53470
20756
46887
43730
29532
54250
20571
8624
44996
28306
6812
33335
64930
507
44143
64678
12137
14560
49061
56249
1682
17245
14060
38266
54664
65419
44996
38643
58750
46078
52406
59409
55045
24050
64046
65072
34863
2809
46307
22621
3771
54695
13735
39395
58131
21978
40555
58336
17268
6396
63816
16298
3458
45586
2375
46903
38336
12107
7283
51268
1028
45921
56609
63979
39180
47122
46412
22628
53828
7296
17833
19339
16181
50706
49174
55774
4487
16377
64350
30561
56863
8792
30262
54022
28601
11615
48959
11062
54290
10859
6545
48597
17220
18303
47101
13655
11594
39822
12400
26088
41417
9701
51439
21554
13728
19607
22208
35437
64342
57610
21069
20958
52729
60332
3191
11304
60011
26635
8665
38899
19424
37327
57340
60072
27622
7030
40399
29075
15062
46007
33378
22400
54117
52949
9183
2049
6451
19749
37905
36572
54208
14800
27439
16297
63828
21841
33231
35489
14862
22657
10894
35041
51648
21028
7830
22859
44661
45056
16193
51067
3573
15343
19513
42530
2071
59364
23630
21733
56060
2307
5636
45227
34032
17862
9054
44205
63893
17659
37609
3083
58836
24940
62998
47052
34405
17076
27555
20862
38025
9733
61611
19054
28330
54813
6884
41045
5373
65379
52893
59037
9440
35338
38161
3296
32432
27999
35127
38347
36945
2416
0
45108
65320
59623
15957
18236
16958
24380
44099
21760
47401
33948
16239
31221
8244
6406
52860
38575
44515
34205
44562
19835
58036
10054
64403
21497
53246
54330
30984
5873
11180
39462
36124
31753
15618
2936
57747
59377
42958
27241
4480
48802
28787
30761
37435
39219
6723
41424
27368
51642
20090
59389
16668
35443
8374
41014
8759
61464
29432
45154
39722
150
54885
7947
12576
31899
60824
20085
11847
38674
13451
42756
37657
38156
24284
12781
37639
16403
13393
47323
39711
55097
29284
14524
34467
46387
33571
29938
36136
55088
10488
61013
38150
53888
63320
50139
13485
59537
53294
15440
45860
22966
33686
22196
58082
16599
57734
53960
2773
37602
19814
26670
14199
64117
6606
57468
18028
40922
3051
50632
33801
13678
48638
43372
61283
61774
23593
28510
11849
60499
38268
39889
27723
26961
59581
62513
63271
3914
24395
62724
12499
56920
60801
40550
48153
22385
52943
60679
28482
22509
25710
26603
25703
1614
37940
29904
56867
49412
5733
39908
8369
63697
65013
34576
8618
55116
45093
53131
56693
30194
1139
7013
1077
9835
16791
29702
24254
18653
63454
49164
27657
55254
18506
37247
22481
1450
26635
35391
14041
19278
25294
62926
30581
31372
44705
21330
15905
22830
51542
24874
63123
25877
58962
10786
53811
53448
49092
31390
29167
64541
57406
22734
2461
26528
49722
16217
31794
10524
29205
39484
56690
61666
16005
41976
57464
60399
20825
41129
49046
64022
52629
12235
55887
58307
7753
41949
10679
679
32106
31013
32844
64927
38623
18028
46485
5955
11958
65279
32059
6851
27889
10008
35364
9592
62727
60195
9716
3194
412
9853
62760
33535
30901
52331
6321
45542
13205
11647
20857
3822
47925
15830
50672
60817
31327
63483
34864
5751
48746
34336
46442
19476
64843
24857
65355
14026
50401
35605
8487
37301
35027
59802
24777
2135
17825
27189
58802
61600
27937
22094
8844
62254
43310
28503
31077
17002
57733
56111
64305
49627
42860
9740
60241
50383
30417
749
55731
38675
34195
41222
6225
479
27846
21713
13256
1117
48988
48154
60060
36936
24240
39818
35636
51445
20828
64415
53979
18834
45980
19226
4076
23147
57380
38715
32054
16585
4711
19454
5411
4275
5865
62843
37641
8961
14544
20151
16822
10844
55619
54290
55758
172
34736
1888
50027
18108
60356
15544
27604
5042
10758
49963
2147
36876
37575
49855
57900
30418
43089
49658
52139
35556
1700
61962
48511
47582
38322
42765
12579
6951
19340
18946
62867
35860
61254
51401
35176
39577
42305
53947
32576
61942
64786
62204
7831
13700
8208
6984
22722
3887
4463
31826
40926
20981
55517
26421
10062
54637
14205
5903
22300
53940
36680
46868
51073
59141
65416
61142
40448
25481
64042
9066
10048
19413
44491
19496
38473
5905
38812
35003
14008
55641
37020
25344
38877
12959
51237
61552
30697
2803
8272
48871
57908
830
32578
48893
60010
49965
49339
63296
32357
59749
22126
16553
60265
57921
13553
16952
61630
61604
20302
33085
35297
60274
38878
8088
40065
58880
9759
49727
872
34741
50377
20476
12009
58515
62338
62590
11098
47123
51844
59791
7153
4060
1995
17895
35742
16470
29839
21788
18287
28901
15340
31220
15362
45887
54885
56295
56455
32164
30906
40235
56394
39893
14950
10312
40662
54704
25406
57652
52496
21309
35917
32530
62088
13882
16338
63438
23339
47848
52286
9296
30027
1182
53295
43887
22210
51368
42579
16949
21422
21703
40648
30287
19031
32943
26628
8620
49184
22715
58652
10112
29940
54221
43197
21816
38392
52844
48395
3034
61027
6134
4046
174
44772
20660
6611
1577
8796
31093
33575
61475
19223
22481
20645
15121
36732
55696
4658
14183
5222
32926
19196
21809
44251
5023
17839
23263
61330
23207
43315
12054
40705
4482
49499
55330
22085
14166
61374
25813
53185
31809
54213
42310
64050
26020
62589
61920
61742
15356
497
37031
21830
18144
65054
12337
45324
52113
51525
45377
24460
39977
20366
62677
54164
60280
29756
34027
29118
2710
41982
55678
59548
29852
54711
18158
7978
33581
26943
49827
59802
34267
12083
58379
62598
49037
50054
24009
63763
56037
64773
44461
1734
33940
40765
51379
3063
33897
17873
36404
23167
50862
28884
37289
63253
45763
44640
4096
3155
31069
23367
14765
53639
33241
48640
44382
63301
37075
57625
31288
11881
19570
22016
25010
41611
31452
22708
12833
25111
20124
45662
8846
12304
14431
63335
63623
16261
16006
40018
54064
41930
48758
19118
33140
31474
21316
17595
14912
61441
60424
24092
4626
17167
19507
42670
40794
15844
13138
23777
63687
17521
62976
55276
29084
41735
50560
31214
8425
15800
21305
18271
10446
47868
16463
48281
19107
49064
65447
9044
33891
15867
34221
4345
43015
26492
61973
44565
8503
34023
42882
22871
25246
17428
62240
61389
38914
48620
15368
32936
49848
30311
1754
32399
63389
46027
9007
50664
22526
44726
32569
1282
43560
15439
24584
39242
3205
42170
8533
49598
1963
35075
30992
39752
38868
24472
15102
23060
5692
37330
7187
34629
57728
52621
62185
37274
46000
6300
59565
27847
177
1100
30622
58494
64369
30398
16102
17321
16737
52914
687
46750
63680
1791
12894
49409
50263
12341
39942
47334
10401
6676
14537
64692
17670
7369
16367
25788
31137
32402
46964
48053
37868
38484
32394
49550
61526
62888
24139
63278
11364
38168
23222
38366
28819
33099
22905
37836
51950
40551
53458
15113
51445
15861
10302
13215
57362
60402
52652
35699
35831
42735
2654
18252
61173
8451
58070
54437
34408
7166
59535
1854
24690
27393
3999
3931
12054
35119
45172
11243
16769
11658
7430
17052
55127
8953
62503
23312
21446
3566
39087
60334
52582
20692
36982
889
14727
20569
17579
64579
19015
7056
4636
28472
13382
48204
20894
22765
64397
43569
16214
37753
36241
9784
6646
34726
27056
61784
46256
48694
52072
9550
34769
48717
39230
19601
23113
31835
51466
15643
50048
57297
64017
51993
44485
2037
34708
60200
36543
65431
37094
43823
39440
41124
24384
55364
35418
28242
4061
31816
52245
15242
63956
39050
26324
45918
25773
53400
12003
29622
10371
21080
21500
42636
49592
50291
34714
34842
23337
17612
7848
52880
21118
11529
30248
37005
52445
64452
40209
37903
1417
27602
11088
20123
60131
53765
55248
10682
35250
53216
59932
41392
52446
10662
34588
1
42631
48050
41738
60498
20282
64092
29219
32356
55577
15579
63455
15584
64722
17549
44805
3203
16065
36132
4979
16316
56343
60713
54495
40227
3239
12506
61181
43843
29577
55599
26899
28003
21963
49688
51690
35534
867
16359
22604
11458
14130
23354
52415
10477
58871
9058
3001
43351
59929
28080
29474
3868
50285
50166
11906
14089
24107
39393
30497
3384
33253
55774
1255
64466
61707
4348
28923
39435
61174
58742
31677
9365
817
3553
63199
30558
19763
52921
6510
19035
33775
49226
12584
24152
50980
52068
11201
49769
63890
25199
59946
13629
17606
51635
5156
41485
19052
49735
49020
44659
18431
17783
8702
60952
34067
21379
14978
36640
35107
42929
40873
20648
52023
48210
14668
8460
23585
51305
19216
47953
28767
905
3144
61519
19746
42015
15646
10081
58149
46113
51709
50067
55402
18987
33798
17168
54255
45499
10443
24045
43995
22434
27244
46108
63217
33047
43186
34340
61034
64448
32992
59112
58055
32078
37302
22833
6754
54315
13488
11813
63633
5203
31043
62806
35451
42348
1411
52830
60788
52601
12475
34519
44560
6649
13199
14589
56048
30823
63918
37145
59262
58965
32684
1387
35671
5334
12406
8114
51959
35308
29767
25244
36467
24386
11849
50489
43661
27487
27794
24689
59378
54185
19449
10329
17440
1992
12314
24087
7862
47255
11561
18690
29916
63240
50785
23496
3818
51285
52964
64275
9972
8571
7224
53347
40595
4794
18027
35
21875
35335
14699
17095
46545
45873
48552
26347
37778
61190
24681
46741
37060
64927
37562
7646
50494
49632
47889
11038
59506
52692
44023
33212
34190
14669
27183
2098
31030
32169
47450
4814
55955
51290
15341
59931
55005
305
15777
50666
9939
47640
61597
26629
2267
35360
9586
20973
3438
35804
59292
45324
40046
9020
46226
64248
61991
32144
7492
56112
42110
46748
61574
46411
16420
55235
5854
42450
21200
34479
64914
51624
40907
55865
21925
23077
63188
25964
41925
19135
60443
27039
32814
5065
61397
46807
10131
24070
16261
26541
14993
15075
8291
52305
18511
3261
9685
53862
42797
9350
26596
62267
26741
34919
58526
8113
49306
9231
15358
23759
54405
55924
51044
61928
18742
57756
35857
49935
36272
18795
30989
27055
20051
54312
40382
57136
63576
4750
43563
4053
19515
29165
52651
62876
28634
50191
809
8079
32607
10091
19874
14309
23668
50650
47651
22867
35004
40779
27281
62360
62418
44123
63012
38743
60328
56140
16365
37437
14992
23281
51170
3
25532
46490
18587
17857
2929
56767
48176
21028
12626
55131
41707
62745
56022
18531
8753
62240
10197
29362
20310
35159
47259
54702
31736
41426
42662
11853
61870
62454
43184
17043
35227
16979
23281
18970
8307
63239
2915
52172
15829
16328
20320
37028
58209
16363
23579
26972
46041
24471
27641
65437
56665
41438
41802
52185
42717
60959
49895
56352
25061
25725
20788
56214
48902
41259
31627
47333
39948
58028
33825
4897
2215
2117
30250
17525
219
7341
38809
28043
2522
41722
18819
11384
58186
62342
57949
20886
61424
28403
18816
49770
10902
26585
5195
11179
56851
54532
22562
24782
17893
8797
29362
38019
45448
10714
17600
57515
22138
30807
19959
47804
33944
46395
54874
3100
917
47854
57921
15149
32240
15806
47072
45429
364
56413
37914
44264
27542
16916
65155
43944
26497
17430
40059
20177
47363
46162
5785
52198
27170
19900
46749
63575
14515
24104
37907
3696
50333
6761
25808
43448
53877
14945
50895
60135
38442
30483
46993
33560
32744
5836
36998
2998
53211
12221
46919
1493
29710
38164
52599
51115
10437
57575
48807
16433
34271
63600
25679
26478
28252
59867
15870
3286
3942
5623
469
59760
30004
42505
45814
2171
61224
17138
62525
61727
61611
17838
16862
41673
2416
17518
56119
60424
8306
53582
30170
28742
38350
23565
45105
21795
34854
15628
32360
15910
23576
19903
37005
43381
58580
33116
52851
50350
30537
50176
22081
16599
10547
40196
29708
37802
36823
2654
1117
39720
7826
52439
55359
13437
13621
37972
60217
13224
41678
58654
15396
34468
5879
63101
17368
38615
59931
1949
9853
50229
29396
3547
47286
3263
16300
17226
29819
26535
48697
17301
43777
35098
1643
4766
49834
56959
45420
48400
7382
27397
14450
60889
36433
33233
27414
59055
33528
16420
40245
26343
22114
25891
6518
4285
13169
5005
32453
25023
37235
43254
17735
12855
1467
36727
26668
50501
34038
115
44820
13627
2759
6442
27327
38070
14908
52771
17489
64279
26701
56538
62510
5711
2606
15857
37483
34646
22883
45798
45483
40005
62208
62727
25759
37324
34419
61963
17524
49704
41163
27345
7137
39960
15204
27024
19142
31247
1082
46236
2965
29385
46068
6236
37897
18282
58578
50616
5033
20879
61586
50593
20023
13504
18335
31378
7499
20459
5082
34082
3744
11976
39506
28819
19742
7524
45484
33707
61724
22870
17692
19448
40305
37432
32514
15770
32793
20721
41313
15981
17602
23190
5007
56602
63076
32951
36343
59975
33212
22347
27358
54838
9590
57805
56072
18062
44159
7434
41481
10769
29624
24892
52445
53533
53427
60192
23742
38486
15992
5213
53822
50022
40416
22238
54929
25803
17656
49853
1415
21418
52804
25042
61883
33072
49945
62855
30730
4242
16254
53460
65120
6950
21456
31401
64736
43851
17942
29814
23371
38195
8120
57978
12900
48041
21044
36451
10646
22686
17585
25243
57799
35571
50118
5135
60401
12054
4430
58040
43307
45321
12467
33861
44173
54287
23153
24839
42637
62489
25812
11035
40390
58487
58395
10405
910
63628
59139
54610
60820
43129
23886
36849
20373
16076
45230
35386
50000
54650
29371
36016
12471
6507
47439
51400
62950
57823
5679
16020
3966
26468
41384
40688
28787
64056
3926
43511
4521
53156
63852
5150
35419
14915
62912
3210
15835
39603
5542
1780
20211
29299
11719
45505
62749
36682
19794
7602
2312
48942
64967
7960
51426
2372
20120
63877
18589
47430
19992
38659
29507
12157
24417
33763
12913
51056
5414
56547
41081
15763
49849
28233
62778
39643
5599
34513
49135
48268
58316
38381
46290
64575
17920
64821
2483
46417
55451
11853
64064
31831
53169
48825
59667
46252
29822
17237
24357
39275
3676
30362
50145
58028
30730
58108
22919
41011
38504
63081
47334
37408
393
8625
59339
14678
42212
25692
5728
60884
32552
47879
38437
19984
41325
3267
35953
41334
45674
35032
16083
3026
32243
18171
14637
7052
55007
64283
5753
24724
45839
34947
32161
64121
28026
283
16477
3163
24237
56150
4686
57609
60004
58424
33082
41160
8456
30310
51204
15626
45247
7800
3573
64529
47522
52262
15505
33618
56267
9389
36356
8270
10883
57991
10665
32192
2198
18873
48509
60727
28018
22001
41459
37282
45374
50464
33597
49861
13962
31550
45031
15888
14309
61511
6660
36675
8893
35146
13663
61805
4365
1471
51344
2792
52151
9446
63216
6658
57883
20069
42071
10898
60216
61521
48232
57354
29837
31473
18069
36517
49410
47749
1432
15815
28812
46607
51294
27597
27310
54478
3045
64541
12418
50261
41931
58934
59227
23915
37682
581
24398
15162
9233
28936
14097
13293
47615
45173
4056
43294
30566
39666
25459
22414
52378
35115
57749
7419
38548
15343
48657
28900
11753
36769
35089
61115
45731
17832
36847
42131
59092
58127
5768
2916
58331
58027
13391
38110
33588
37767
10275
53376
6150
47133
52531
28136
34520
16132
42375
51720
31546
59024
23456
20740
13956
8361
32154
60861
35839
51037
14178
64175
6680
29934
61806
53101
49727
64765
42668
16712
14502
53439
47719
23254
13966
21074
12637
1337
8357
65338
45022
30476
53119
39032
20740
2400
57861
8170
27048
9609
4714
62483
56593
6674
14032
48626
616
24214
19877
43834
15838
52148
20751
11200
3186
63579
61640
16085
21965
53181
51233
26420
6302
47681
40638
61013
56835
14856
1929
62605
54422
27870
17286
6082
40124
9741
10671
54253
8306
60037
12819
22469
64837
38384
49432
28379
52784
58742
45732
56187
33751
776
25356
10300
60946
29360
2102
43381
64806
43059
16388
63818
41301
59612
50497
26597
64028
57913
34144
18075
38875
18510
45082
8944
20396
56188
3453
12840
53343
35982
15007
42815
1878
63121
38907
53194
13517
17422
57534
12995
15964
49738
27600
19326
48638
17760
13485
62299
51580
64757
40951
21279
26114
61912
36075
38386
10726
11674
35066
64650
28120
9492
54523
57978
25794
30198
17965
47768
33711
27710
55819
62630
9599
9451
36531
4398
3842
25349
17868
22671
2906
22292
22432
17146
62338
33022
13494
46532
13533
46564
11542
61039
52749
62550
20822
1946
4941
14685
26138
61595
26394
57727
13227
8952
36407
54591
35516
53098
46917
42947
33190
18223
45499
49774
39328
59714
3089
7270
5951
1737
5087
5348
5333
29907
21569
34107
54642
2770
2356
16559
53048
49139
64503
57526
19782
30054
25685
20754
34628
7882
49448
64854
47309
12682
60882
29767
42854
7955
47128
39185
28381
17416
27643
39913
51653
54477
928
40224
43542
64230
11603
48293
1000
4076
61819
49198
27164
17121
8056
13497
23838
23496
56456
55743
50660
62202
13155
63081
25956
32250
48210
45372
54381
34821
36395
15007
58567
12846
20384
31327
34658
14805
12565
28366
6197
9389
45101
33030
4640
28317
48924
62289
34284
24184
26362
6076
8130
6938
6052
36654
32252
32953
53452
49104
4989
37810
41836
62639
37210
23046
29184
8718
4284
11891
55432
38926
51823
6528
37206
29059
55118
51570
38024
33134
49360
39325
8387
40827
47754
65402
7909
42090
28025
31644
3818
22519
39916
25161
6258
8958
28961
59247
6934
28385
13980
57839
31343
39360
49953
43038
18666
29437
29925
55837
21288
65069
63709
33284
43468
26776
45450
29491
1051
27243
43619
40291
41953
20990
36202
58252
39258
23087
22
44756
32943
65382
49266
25453
3146
64326
17119
11041
57290
21966
63704
3490
54279
34844
33977
37555
51647
34787
52756
9616
43424
63985
57248
30752
24601
56915
50198
38715
14807
60918
7841
39954
473
33092
56893
63508
21811
62354
28070
46145
54838
3289
37399
62352
7465
6133
7933
34930
25897
22528
24373
12509
17947
39908
58407
20128
45863
53354
41751
48877
43781
62028
8972
60130
53528
63041
18236
48050
8333
42627
30455
26739
6768
3353
16558
16098
41705
651
19689
20720
10261
12895
26627
5918
41684
49598
5949
58496
36231
38649
3134
49139
8267
9783
47471
61913
58842
36730
37590
25524
2465
45044
41628
63617
11639
44392
35347
13781
32566
39273
46896
32532
39148
18099
42317
59359
49905
39481
43723
42589
18799
62811
45974
18179
34787
49156
1704
24325
54804
61868
62323
38239
8737
22191
51114
35759
18381
2806
1939
1847
3721
7463
13743
45891
26766
59586
59250
33432
17674
32774
40662
26848
28799
7787
41012
2132
41424
55546
1630
55650
35743
5889
28020
13112
5404
46749
7106
12097
9372
58477
46972
13638
42488
55836
56978
40724
2969
43355
4440
35973
48393
63065
39846
61705
6022
49955
44849
2416
44210
53628
35
43589
42937
62737
10167
40557
58715
50632
1728
42772
19191
60747
36200
33701
62964
33485
2805
10710
41046
15187
63951
12421
30422
29267
38262
61160
30558
62415
14971
18478
64273
25121
15413
29186
25735
22545
27106
15168
48220
38046
43958
36760
35127
57244
57911
11612
32471
14535
52509
35279
38588
39179
61304
24042
58011
32733
50128
3221
32184
50697
15500
38655
58185
50601
63462
16041
5022
36909
55087
42875
43246
1472
23797
5663
31336
41317
57721
12832
11891
35631
19379
32282
42138
54097
62155
45965
7493
15345
59378
11709
1311
7442
31137
6057
34393
40470
15539
2416
4218
9550
33716
63218
55967
54713
20436
28103
5073
47355
43013
47629
47693
14265
37365
4058
57729
31454
11911
52560
19537
52080
1879
6093
10511
47329
54084
33576
39221
10490
25345
7258
28261
55749
41
54300
43420
52993
4881
29183
12861
37371
36673
59163
33607
24938
57446
1139
14341
18439
43666
32191
3633
28524
55200
34148
29976
39435
22196
28386
53236
34698
7752
31841
59722
44460
38705
17011
59094
3131
63726
45655
20256
7652
52974
42892
10941
63206
37270
49517
62311
50755
44723
24142
49096
41613
124
8695
34408
27717
64376
27149
2260
3379
63682
11533
45257
60660
63720
56190
64095
50409
63673
5283
5974
20318
64221
63921
64170
7361
1803
17096
21825
60938
54690
14032
18494
2512
21708
25602
47405
27899
43026
40381
38718
55204
59136
60417
56519
4602
22328
60261
62616
29134
13482
1067
15246
41475
28709
16660
39251
46407
12054
15643
5620
9076
33752
20621
38901
2889
56193
19408
40420
58608
12547
23767
28579
54703
36988
60573
10075
58905
53374
28083
42548
5762
25057
59659
47028
30734
523
57367
30302
40533
50524
25026
55146
11202
15341
59322
13930
50846
52221
60067
15945
21859
13967
46161
11956
49740
34453
4041
10140
48837
11814
1652
57349
49780
55574
56234
43479
29669
41222
14566
42942
1234
27309
28929
2010
46927
14815
13112
23935
63744
42350
368
42345
59944
65061
32404
17361
34204
39764
37674
28110
60321
60582
25016
11772
13058
43253
18513
46448
29731
6105
44083
42716
7638
7915
181
47528
41940
13539
53769
1590
29101
41831
64255
49
6199
5680
20624
578
39413
26319
21268
5465
39985
24627
25968
27531
29473
52077
3837
22924
12688
31434
44145
3621
56501
44113
11840
24956
54183
27700
59195
8499
9953
34714
48304
29851
58638
50956
29943
5818
56056
8398
45827
47241
17847
27552
53491
7282
11426
58958
56559
45960
59526
14558
36945
42195
1355
64007
30329
58480
182
32060
16847
11481
50646
43704
28615
28892
22209
1775
55825
59545
26675
42745
54182
37685
51468
35576
2554
44335
43931
40314
25999
59881
30212
47374
53433
10081
58850
41156
28629
8104
64071
3645
8675
53843
14322
11771
51948
19829
14118
63907
32305
46177
58346
41939
31298
32874
395
29570
2636
62062
52614
30491
57630
11522
63434
53883
39830
45180
10599
55081
33753
28666
13065
37698
1695
56292
39251
33065
55741
25495
28086
56610
19753
11040
22338
34704
21566
38836
46252
56693
52055
60288
42048
16336
40094
9341
573
30143
43004
14474
43419
27250
43491
32439
21354
15395
30958
15106
26808
8627
26683
55745
3468
14135
7741
24280
52871
58764
36535
42026
53617
47939
56243
282
2141
27824
57083
49265
39188
37085
19430
46462
45149
61951
44903
55074
41989
47786
4472
61366
5830
53642
41879
28833
33708
8537
31345
62528
34795
40923
44223
46467
54441
44252
32254
32426
17115
12191
34076
65405
5021
56655
44560
59081
30573
46087
37971
9987
22719
4973
19827
9482
58451
61371
45819
36888
467
32418
54671
10721
58227
52134
14724
48123
27582
20054
17238
29616
19606
27432
27482
31823
24261
27118
46777
11564
52380
48315
22217
7937
19870
21017
37787
9794
58025
5242
21563
3999
28439
61958
30908
487
53376
25141
27413
61555
28798
22964
63240
8811
454
29807
25155
26300
32530
36024
16281
45012
27964
20247
50245
28109
40433
21181
58719
4634
2452
10690
36930
49242
50441
21216
28791
44454
23346
60520
21918
15630
8070
50318
58073
39963
40356
38623
56054
37886
40670
42164
45283
58189
18597
24477
45512
45444
37010
48408
44844
60297
49433
6378
59772
20930
63262
32573
30867
34169
30675
53031
48811
8349
14787
43026
6233
3131
60476
13643
35502
62269
41828
29369
41188
40969
62743
16911
20960
17247
55298
44366
26380
7711
40750
39366
32512
21071
17419
22157
920
29820
49269
25010
38230
53483
33324
6928
60090
670
49496
60450
49977
23817
594
614
36518
46844
7381
20941
56704
34647
21890
62553
30393
46613
32158
35371
10440
26176
27952
38796
34094
9024
755
22424
26035
39184
26664
42985
13323
9314
9824
7874
9819
10899
2499
34883
20990
13078
53312
4291
57615
45636
44317
50836
26071
9861
56859
33086
7777
61737
34135
14609
30901
26459
46552
30014
28612
6449
26356
34416
61525
41805
35008
8197
20523
32899
35281
18265
38340
45000
24371
46238
46908
21573
11038
14147
3035
12154
50068
21332
33694
15420
8691
31031
14270
37085
8647
30263
51863
10137
2290
22251
46759
46535
46416
15091
55683
52385
8660
37766
17526
12053
53067
22605
27194
31336
14675
11557
6900
111
64058
531
52109
2278
27945
42711
42570
56213
33314
65443
29879
15752
60651
42158
11462
49016
18145
25562
41051
17541
7137
55568
45313
56500
55748
59334
14451
62940
24409
3757
11317
6275
45160
18178
33411
44393
30586
27563
47181
31847
35837
26465
54448
24150
52646
60166
10815
47136
21196
54694
18516
13045
7682
65410
57165
55202
14081
51392
28436
51556
12241
10325
62690
31731
64366
15949
36578
57769
58741
25788
9088
32092
10246
51260
11354
6946
37214
27008
32565
42709
54720
64057
22834
33023
39002
39684
42432
55283
28780
26629
38408
45678
64607
31792
11181
25933
33654
46064
44247
7132
64433
54838
28472
34278
52196
6769
43848
57206
26747
31119
47194
22776
64712
43760
48236
57078
59411
52550
28646
6174
21900
22110
63388
1493
46554
25120
7905
56435
9061
43650
14082
56005
58710
37669
46783
28480
21310
21182
59411
43312
19079
42120
55712
26593
33277
41050
24484
51743
19312
54203
16472
17938
31988
2337
37489
21570
18270
25469
21449
53803
36446
29940
586
15949
17543
23432
38187
52051
20197
52045
61615
3899
16130
14690
42083
64229
41900
64073
47662
26362
4285
35714
2705
54889
8289
57097
57212
9948
14744
24283
59571
59377
58240
38730
12275
11268
52720
56921
24710
23785
47369
60774
37162
54828
46516
63706
57679
5515
11824
55823
18869
41192
3507
17089
41139
42121
5540
32858
38183
10331
51297
60311
50116
38507
21131
36754
52941
52838
10914
16286
9807
20474
65314
20089
53137
60445
8803
48715
13987
49393
6389
18539
25644
21630
64573
5749
39926
58041
7206
324
7132
36121
44793
22015
61919
21146
15770
30409
56126
49139
18490
49569
21729
57026
38541
36229
25325
17776
33935
25110
60112
5990
5440
30971
57973
58664
30924
15101
42076
35941
61704
29889
3327
36283
30811
25914
60474
39484
15135
447
58700
47159
32298
38650
23776
64371
50741
54120
46597
3977
31062
26941
59288
18791
50684
28953
48211
29351
47269
31392
61426
23758
31672
57253
52723
32423
47509
13726
47922
31904
13801
40243
64983
8753
35383
3960
1078
19593
33935
1117
17491
25490
56344
35775
12891
35387
60003
40762
15189
46796
63758
45816
9704
40980
53317
15536
605
65512
31991
25429
26487
44143
20750
8259
24078
465
23938
21543
56834
41167
23048
23669
61768
18986
47215
44717
16384
58573
29520
24467
23869
6851
17256
39985
63456
20710
33976
56973
51697
26241
48594
3007
2072
56487
36717
57537
4245
9719
44089
65447
62235
59165
3728
14043
2421
22842
34218
2491
49075
42522
14507
18949
64884
10523
53794
8409
64789
19168
8019
39997
16911
65345
54436
31035
5690
52046
1469
45851
17933
51685
2710
24698
51005
63191
26208
34630
7857
28586
9763
45604
31733
22339
13262
29719
24237
46024
52653
10083
2731
61936
59491
49500
23199
10947
61970
52077
20794
29832
60840
56282
32654
55954
56553
54675
38165
6936
32274
12332
64170
55811
16298
53750
6560
60794
13492
27980
39617
30589
7573
23525
9158
54944
1538
24808
63169
36904
61733
45637
54285
19853
23410
30103
35415
50717
17844
19316
14342
18942
56278
695
38562
14504
61801
38006
54213
45437
35250
27850
45598
60794
11485
64236
63391
43072
50651
17971
40829
29223
38616
1986
24875
27239
12972
64209
31980
3568
54695
38907
1212
2138
46778
45787
20370
43685
19027
31545
59061
42247
13278
36947
29007
13874
33912
23873
4972
14866
41262
46826
26056
2469
19548
35649
51754
17993
16684
18150
13066
60451
29765
28197
2081
28594
59786
53134
37570
43384
44893
48333
1270
11355
22779
59557
62587
48133
37526
42911
24033
47363
60592
18287
55439
58030
39891
25373
47253
7361
40713
10847
12764
15676
1902
38010
25674
26436
19545
33528
37226
49034
44911
15499
29270
34565
33086
64334
26009
11592
26832
1548
31450
29295
60788
4997
46602
30778
43607
52068
17344
39705
56430
12057
33718
24592
35918
30318
31222
12220
11749
14571
15576
56484
22932
55586
38716
10158
47235
60259
50253
60152
64821
53271
2471
12667
470
6293
36564
5715
56875
46602
18010
6802
10331
31784
63507
44623
30517
33063
12791
47725
26495
18931
65238
44207
15132
39393
29177
61285
20415
2661
6552
49248
31863
60604
43857
6151
8551
61977
25194
54685
36297
39148
38597
26105
9004
62213
46866
59124
55674
2073
45818
17622
10956
32704
64342
16023
62348
50574
28838
8623
8539
55243
53462
232
43171
14884
34375
7005
40227
55594
20590
50124
20976
6204
1743
26906
56996
30690
64290
1811
47906
31393
57314
43790
38252
59451
65119
13042
13723
24836
61497
2885
16086
23798
50299
60443
56928
5332
18547
22820
17447
14306
6135
59174
29851
48430
38543
4834
29034
4521
41139
54343
48888
12934
45280
3032
61514
41618
15752
22512
15558
45821
14786
20386
41054
11504
50137
50108
25539
59267
49656
6471
4473
3367
30124
16695
61348
720
22306
65514
13183
22586
4336
59512
11493
32629
59043
44164
54602
61241
61874
33994
48742
32152
45763
26793
57406
49753
31249
1993
26786
9338
44430
42502
58673
29986
14580
10810
21644
39952
23752
35898
38382
26400
13219
29923
25359
65143
23086
17253
61106
54988
55090
49487
24573
50095
8809
27644
53654
39225
36027
29877
32545
31562
41878
57058
22513
26499
17771
26943
19034
54572
27252
16477
61931
23574
22402
25394
840
23080
55071
4419
23188
56781
42575
23491
9763
65051
18672
15361
58921
64275
17282
61303
13633
33871
27722
2082
48505
9632
33952
58550
3959
5988
44356
2974
23091
23481
36440
2308
17628
42647
34543
53054
62585
13473
64261
3737
12057
44755
33732
16729
43658
35546
55513
31576
15959
45382
1915
26245
27458
52140
51814
8228
38592
28104
25852
10093
14873
15687
5366
28984
57009
31814
33011
41943
62249
50931
43707
34997
19541
29868
49580
838
33757
31064
36871
1907
51043
46833
47396
46002
57082
53281
6746
23873
61851
61593
19182
38175
42103
50425
28590
44080
11275
43587
48051
60698
45463
19022
12623
17359
51534
29224
16263
21869
21871
24641
31149
45100
26628
38566
24141
4482
9137
29091
53592
42588
9226
25979
25684
20488
14678
3175
61787
32461
23958
44319
61962
20464
41616
2031
63934
53927
32947
33577
58617
60611
24910
53010
28587
47508
22035
18711
37422
3152
49383
17688
36157
3684
3331
59075
32682
45113
23111
55521
54517
6378
57256
21065
30271
11989
9595
38961
52417
43624
17961
48394
56369
28393
41567
48110
38541
1449
45861
8305
12973
27820
60492
63564
63549
16381
56534
48372
47690
22992
29472
12737
65205
61895
42752
36210
4365
18935
9553
33848
6701
40415
29454
50
15225
31649
51979
61643
26602
44903
23475
11523
39437
41639
11418
49728
53270
53481
57319
26799
1451
54170
5627
44751
11138
50820
41787
5094
51255
11009
64720
53150
40426
5164
50463
45787
55054
1262
62708
11156
3199
48713
40108
8735
751
1382
44514
15904
2413
14836
48032
8481
62772
11045
20352
47682
39239
53369
22337
61609
26898
63994
44136
2487
58230
17743
34223
36094
38368
11512
24692
19689
57181
9582
21229
15638
9796
51989
60949
52926
30371
53253
15063
1147
55324
63092
17781
33231
26049
11252
29534
41617
41135
2693
48471
56544
46661
17754
27297
37750
61338
27313
15659
33268
10606
57284
40462
33783
55951
35879
39876
18709
65455
7610
29265
46237
51995
45306
61358
47280
45172
30988
30875
14721
30666
56190
50489
31277
55406
2163
8011
7006
16936
2583
43267
26599
26511
39928
46360
35549
50
32843
36406
37467
27264
30268
43145
2935
60104
47597
8784
44846
58254
22979
48377
59038
39015
5332
45245
19827
8374
24501
65108
6519
16006
63571
50847
12389
31053
10875
41837
56562
29541
50394
35569
48203
2191
6621
36899
42720
51734
42461
40035
12845
17722
51295
30955
47761
47802
54347
65194
30852
57677
60667
30718
21919
58135
58155
2999
25242
18227
36564
53109
32079
51357
31331
20084
50901
64171
43994
36366
35944
32414
27409
631
63807
24489
57354
48111
53282
28660
59315
37300
24643
39694
38791
64782
50497
12975
4434
9094
30496
39594
54025
59292
44917
27847
27945
15982
27427
6002
31013
63397
35233
22918
46635
35047
4901
25471
59729
27648
5112
21009
60573
26235
22069
18622
50740
34940
19731
25577
1455
33697
31311
31483
29537
46817
26702
11858
10833
33400
65260
44859
29224
35044
61476
28395
33814
10302
44624
62603
26711
21007
44259
2715
43830
63267
49718
39750
58152
5219
37750
32150
60073
39455
3758
34330
1594
31672
57192
59238
1204
29318
18489
15219
56910
26976
24026
50145
21730
54828
42150
23698
2653
4948
24365
29154
42092
14941
35073
43334
11054
2272
49157
20465
31288
4307
44275
41472
37160
36980
8552
11481
39607
46265
9540
44996
61294
63687
17153
11135
23838
31592
62170
26271
6432
64082
51858
39726
22802
63629
21110
29150
58713
44348
31572
39314
32916
52385
28452
6000
19259
11840
43964
10868
11957
2775
15483
51715
55487
43987
56891
27341
33930
53403
8533
49588
26194
14173
26394
50473
17520
54146
5666
59093
54696
14115
15858
5489
18861
45666
28389
51181
39999
1455
60166
478
13279
5966
35961
39413
12659
13563
50112
11212
35572
16908
36733
47167
32410
43461
55452
54267
19133
25995
61528
61562
4564
37199
50957
10630
4850
7114
12956
40605
1906
19053
57545
11795
36272
58940
55940
44171
41184
2254
12635
41079
59142
8829
18197
44240
31634
50891
55409
17761
62163
27307
58937
1821
56920
25579
53511
12912
49809
16729
20061
44829
49537
40530
28700
7213
47264
25631
50465
51026
50394
32438
39374
64936
47
47857
40644
57798
36733
44290
27876
51014
28290
11145
10667
5542
50557
9951
22363
23811
49219
19265
10268
38264
50688
51733
49020
62170
49534
5328
26081
60439
58573
55315
22223
20936
42684
64702
6170
23686
19684
9400
49968
10455
303
62187
38013
28491
20772
57493
18922
58858
25263
5852
9049
34744
1778
53027
38857
60835
19684
64759
46550
25238
15989
51528
17255
42238
27163
59743
9247
2946
51759
41018
17549
21898
62013
62798
18198
61247
37404
21026
38334
14630
8893
26482
3751
37275
15213
38617
50855
40211
34349
14588
13793
21084
8765
47604
55484
35603
46750
19842
54554
20029
33258
59864
4424
54193
57394
29266
17534
7002
57808
10901
61347
38313
51135
52589
53938
3661
60183
32017
46467
9400
46980
28700
64313
29783
25134
36367
9349
602
15438
47757
31596
4027
26180
45034
34986
65175
26203
7591
48072
45389
3645
58134
7484
29409
26358
19544
58211
29192
31040
1452
3668
46059
24066
8244
20542
50026
9554
54901
51650
8438
16603
43599
56695
21074
54678
21470
16444
12988
63040
46474
56733
14395
56451
19915
54562
57053
22706
65389
6155
35909
48179
32673
54618
13365
14485
42333
19403
715
5861
4058
9792
52577
9063
58202
30873
7946
61714
14035
23488
61587
51728
18338
11602
49547
56065
36980
59274
63846
48029
9960
16509
1310
57224
13667
13927
35063
34703
4309
45330
9084
39642
43781
41178
6573
26203
23216
49475
16430
11330
39523
25146
64762
14943
1288
37899
20365
27314
55513
49004
22469
57369
47533
21546
21903
54170
61566
1582
5784
47610
8741
37104
47796
45245
30733
788
2357
54083
8343
39768
28933
45266
52153
35517
46863
51624
14673
56507
3449
19647
29796
31936
47038
50790
20491
37750
5182
19045
13609
30725
5450
45539
16585
5546
61611
20438
15652
52688
46875
46556
63434
43245
62555
13972
18302
3279
29258
929
8444
31842
25487
24707
63238
7911
43926
1389
32814
30067
1985
3942
7416
18663
2630
43128
8946
28171
6288
16655
11610
28518
40968
26549
21232
49133
63202
10599
23089
55915
7347
44058
53484
59862
34366
30881
51197
31355
24019
50646
16684
48313
13497
18198
9576
57048
57248
55717
58258
34254
41628
46852
2800
10765
24196
40005
26694
38309
26620
23480
64801
32116
8392
57074
8193
47994
7528
21409
52072
27421
23344
37332
25129
58571
48326
47824
37000
52140
19874
21478
5664
3691
25658
56238
11382
8489
18652
4307
21585
32088
54397
50942
21258
23369
55368
31145
28799
62990
50282
28604
8088
25697
28529
23462
56120
2413
36661
59053
2518
3006
12825
50294
5517
52579
62206
53060
54495
7911
18254
49665
12241
56673
13749
33054
4948
48107
3525
29179
59242
16576
44543
25597
60199
52610
50621
19374
36610
54153
13230
56941
4136
59140
24828
16505
10050
36597
26979
14923
10730
8632
15272
60549
22351
19745
4249
47735
14488
37451
65167
9891
2389
33707
14237
33868
41727
55855
1359
38495
17523
11870
37782
29841
39029
55002
65289
5394
28388
42510
30837
4653
37806
9550
14491
16464
17446
24690
21041
31226
43745
19979
56830
40361
34803
52164
6214
57002
62119
19400
37434
51629
25671
56613
49384
4745
3057
26194
22934
47072
31980
59679
12886
65014
14366
35011
26364
60694
65123
96
14895
23620
3905
59973
35815
11403
13939
44800
2766
28235
58071
43654
40073
18730
52606
40736
20732
54389
19088
58288
60609
63563
22112
21470
45837
17705
25517
36084
60695
20380
63
22372
41237
32541
7281
65516
62025
15642
59354
5919
37245
44167
17378
29527
30295
4391
33541
4983
43828
863
47563
28701
22545
33231
23181
1392
43936
26443
23156
41721
35304
37324
60065
45529
439
27444
10270
4431
57044
11172
29214
41212
26007
64457
37090
18239
60887
4423
9126
7520
57387
43752
25547
23721
58246
53247
5198
61000
27975
61671
40363
37012
30435
18701
41077
24540
41322
7534
55703
446
21005
60764
29037
8461
54057
35450
40551
34224
1958
14204
20631
27460
30382
16637
41525
4543
1494
8472
6283
54397
49591
31433
26420
15593
22786
1121
51426
52733
39499
18003
18945
58240
52458
46327
22414
10502
29086
51799
28539
63393
62927
11803
9396
39776
18143
6962
55858
2797
43368
46
40266
7291
45909
11947
16415
41017
4522
35416
27618
19289
11180
24577
17833
34888
33022
14190
61100
9838
22412
65228
58012
46164
28441
32655
61546
7479
22341
60605
20227
61178
6722
16418
19872
2865
39024
56019
36248
14377
61752
8701
16655
13417
5818
12137
19923
27025
37624
34733
58359
51552
4501
22390
12987
22244
20074
60928
22877
49822
43094
42243
49760
7444
54246
35523
48194
20525
13911
33990
32467
33864
34926
47559
34652
48948
47094
26050
21291
8159
18398
48957
51620
28088
6451
5260
31085
51643
26562
59404
27423
6827
34227
65366
16199
47957
9698
3491
63383
32108
24353
10054
19807
59360
57772
41382
42812
34333
29881
45538
10086
724
8035
34809
2998
3355
30291
21878
36912
47736
28981
26118
16167
49518
40365
64519
38939
32034
45939
40132
33004
17568
48155
23563
25999
16949
23092
13197
51740
2151
40281
28236
23383
23106
636
10684
45554
31369
22157
62462
8668
51759
53178
35040
45711
32680
13762
51312
7355
23246
55436
39645
26904
426
33422
60047
10966
51319
15474
3339
38089
30418
4750
65101
10032
27178
14336
49152
48777
32951
20806
18540
8815
43631
56474
7027
59478
44390
15365
49095
30042
24290
33275
39343
42841
56733
64302
61025
16059
2086
27027
18251
38922
32748
36040
46660
36594
60355
7539
56697
29969
10645
9184
46387
61434
61237
56254
44598
62367
37377
39638
9609
19123
29161
15879
56042
23516
45764
59596
21793
17860
18329
44097
7234
55818
55191
5828
56158
48387
13468
46275
3346
48116
8961
27605
60582
49363
47530
51178
722
34367
64151
56107
2592
30727
34839
44784
48665
11232
46013
9473
35353
19624
3695
41650
25901
28278
23788
24087
3256
61977
38266
26617
48711
60509
9779
53858
56388
21311
62784
43716
55429
3087
18363
15457
9859
51798
59420
10882
60814
57872
24097
34169
34048
21900
47798
63225
36538
10091
2579
16385
24461
61786
2205
42484
36087
58808
64581
63035
33205
45350
2926
47357
63581
9616
37567
42048
32829
47087
33347
56014
295
23458
63234
28247
18100
37122
39328
36861
7742
15991
509
42236
45118
43507
27493
39370
60381
49312
53512
19319
6988
24920
62661
7710
32178
61538
11877
38167
35854
54656
5688
36332
12638
60240
48998
28523
10125
62164
41485
16233
6413
48048
61322
7027
19452
41110
15524
28130
19415
27071
245
46300
9753
40918
31344
49949
50595
47792
17484
29146
4753
42292
44461
20928
57357
44183
17897
30141
19875
51812
61647
35857
64190
42157
37446
19015
30411
10896
39077
64260
28553
6148
34154
43464
37800
26351
62114
56159
49433
28562
50249
48365
55432
6010
57424
354
41151
2358
36700
51099
41524
51784
39388
61944
40338
33198
16478
26321
19613
3825
23642
39365
62372
41105
8350
52202
15662
8963
4211
55928
37626
15916
47703
18195
46797
62470
1688
23281
63261
29493
21269
1531
43605
45689
40027
52735
26992
35870
45042
37876
61322
51797
2479
25488
53196
39445
43759
8702
63188
35716
31907
33844
16193
60263
37351
44903
45016
49671
31899
4879
50321
45181
60101
62215
6880
10702
64762
42020
4126
61754
43200
18073
22103
20401
17925
15156
59628
60904
54771
52787
38487
33062
51255
19013
46495
53744
36458
6778
12427
26052
31430
34123
55322
3406
38251
13342
2275
18527
48849
298
34883
61567
8447
26312
7611
19049
23935
9066
5536
56524
28244
49710
15621
23973
23194
31625
65387
31518
10594
47967
11135
14937
18258
8304
38831
26390
1137
62970
4816
58060
18123
26174
38734
29486
31732
35203
57241
44732
54622
32948
14026
31151
18780
46189
17426
19994
26717
54500
15212
44049
9884
7391
3366
16636
48004
34065
8539
59900
50544
58342
18907
10041
27709
4370
27048
38185
32242
46204
43099
12506
39571
25756
19054
18938
35357
55595
25399
11229
11850
60922
28358
54217
46531
24457
29829
10259
48137
36078
40941
38227
37605
23822
40911
26857
41710
32082
39015
57164
31114
2671
53079
64788
3068
45049
38344
39112
44445
18396
53664
13601
60687
47377
12635
24977
29799
13981
45900
35233
6205
14205
6591
24976
56735
51182
58253
53651
2187
56838
20986
21261
21104
43413
30940
31155
9436
18417
3644
56776
7811
27688
45248
25226
45018
9465
31460
3201
33824
45344
10137
5067
50837
29638
54851
27767
47924
9939
65005
43931
57189
63439
60185
23471
56239
25360
18638
39933
6017
58389
55570
41435
54914
55906
10258
62198
46710
2173
6659
375
44653
29819
7821
38604
35569
51108
46148
51872
54332
36999
59258
19843
9946
15016
6844
53775
55105
23599
43685
40282
43909
8625
46925
26784
50429
57523
40160
10862
40623
17933
30630
28508
53592
1692
2470
30624
3098
25872
54202
41854
1542
58988
36878
1147
25508
12995
48105
63229
32766
48251
65445
54832
39934
57135
60768
4708
17265
27972
22689
24303
4031
17711
5207
11555
47457
20292
50209
30006
29271
38129
5595
65405
6401
21214
25626
36532
46995
15059
63223
36398
36367
27544
24566
45447
40639
57433
15140
1896
55192
35802
65408
61684
33746
50936
30800
59461
59956
39097
785
7894
54158
23130
59407
63360
4383
64165
39635
15410
61871
50623
11687
18024
37762
26927
61649
44861
4484
35600
57045
41712
30386
21706
35370
24141
1571
62715
43724
18314
16909
43053
28173
39907
26536
37016
26899
4122
31828
38724
16058
4706
61489
38807
61718
51690
36144
35932
26784
26444
6784
59563
60481
31637
37520
53925
60779
53015
47634
3012
35659
23546
48966
35111
44660
5268
32800
64069
57213
21166
48075
47645
52271
7922
21008
30908
5110
50205
16587
57584
36902
10207
21708
62378
23229
54347
41582
43471
14708
49497
23887
47185
17548
31394
22131
57698
38497
34763
26490
27621
59907
62263
43451
16548
53149
55731
11681
50721
20347
49331
22793
52124
41966
35113
61093
34953
61705
59584
22513
2768
36592
47197
15266
29917
44272
36039
52548
44965
54771
3683
12177
41988
52785
33913
29972
36984
9506
52417
54421
60962
49935
14660
1893
59474
45438
44145
18343
45845
42229
25024
39031
21019
61254
39550
52534
45445
33654
29820
13593
43130
2452
33076
53027
28456
52401
30833
2577
33570
57033
62562
229
31078
25042
9370
48934
46897
2693
28648
20848
11349
47688
1
48870
49327
9345
65061
41801
52281
18586
32445
15157
26775
53780
32615
35851
19048
11843
34067
24569
44658
20256
56581
46017
51226
20146
34250
62601
55650
8764
25212
45215
1054
29999
27291
37652
16214
22499
39882
25592
46095
49767
3650
40159
2276
50413
7703
7617
43707
56676
44913
35818
2837
61913
12571
36986
31054
47215
46571
41567
56545
18351
41191
27682
15349
63561
54957
56662
19345
54957
10011
26556
30914
27376
9048
32333
10771
6445
2125
18086
52647
30037
62117
18813
53521
59425
11698
49776
34026
60004
49409
31823
39341
62145
27881
46255
45120
12211
22540
63913
39873
44895
35445
53136
13526
14179
35144
37102
31667
27818
61936
22393
43179
25178
32931
2717
59025
39754
37125
64226
21605
25290
37786
13302
49752
28328
32623
23157
29448
33171
42577
41777
19468
64010
55841
59799
41213
33662
18719
63856
21500
60286
39968
33551
7809
24536
27268
7303
35059
41992
52727
34493
59628
63659
15036
36494
26336
44019
7130
54223
31352
55384
48986
50942
3967
21358
52976
41870
23366
19466
64383
19389
1864
56084
62311
50782
55011
42090
62527
53277
19702
13042
31624
37780
39126
21798
27746
6453
49163
59956
27389
62103
40526
14344
62327
29407
28828
60887
22277
8263
29163
63828
35267
20629
5701
15711
12747
45880
13887
58158
62618
55578
22628
37651
35746
46696
4988
52305
61983
32496
6087
61401
7721
61991
64121
56098
9653
276
22240
55735
29625
36840
10679
13345
19234
19407
16298
14835
2206
55703
32206
1849
18596
25065
46601
15483
22197
63030
50824
1299
31916
54618
64404
29857
58926
29910
21397
53095
61619
30011
60823
62578
7807
22387
28180
37607
59022
17252
29
28407
23149
63935
20741
24226
48950
43759
14510
63174
29121
45962
50442
54927
7323
24993
33195
24032
56424
26023
21602
64979
50426
45446
34394
13601
12677
12162
50536
10074
65292
46079
35578
61752
64715
19874
35926
30833
49720
63759
64050
32507
7863
9520
36537
50184
49296
42117
11543
1965
44221
63317
13706
58370
56070
14604
47391
37370
51436
13330
61461
56262
48355
31141
29967
43478
38008
37052
59543
57765
52034
49596
20667
36170
31603
51706
50543
15020
2728
20587
22056
35447
19114
20570
50473
3926
54064
63100
3168
50442
58871
57400
46448
11158
52085
1198
50227
62484
8405
26486
24658
6173
42115
17377
57655
41574
58177
53701
7498
35345
33085
58659
62391
7425
31584
2886
28451
64712
37585
44287
36269
16034
49727
10814
7661
45465
53262
59242
60993
8748
42073
60647
16599
27546
31420
28501
48250
50048
7296
53433
38489
45424
25177
58185
31804
5895
9584
28211
6122
21525
63133
22442
11884
57207
26530
5959
45168
62167
18406
11617
8747
49354
48374
53893
29454
10910
51016
44194
17040
40853
49572
26399
24426
24651
59957
24324
32394
38314
32649
7896
37953
25941
28806
3851
25378
31668
41029
26393
4710
37234
22889
3211
1969
41090
12257
12357
46864
1056
655
31777
41026
19055
49422
4138
3220
1478
18436
11384
17977
20154
44550
50816
3870
4374
56023
31302
25285
52364
56409
30910
48134
32421
33973
35616
28363
33595
18867
24415
45708
38473
32095
46788
48545
12211
49589
30126
39470
28955
7364
38074
9055
15820
32946
4164
48071
5927
40203
53311
28142
44960
64905
37849
58138
64698
13986
24786
15449
6475
16962
9153
64336
7120
49454
6985
21956
4746
63118
31422
18899
36523
18851
55813
58383
63512
57407
37092
49239
30329
60395
5580
33842
20410
18379
40838
51648
12586
40390
561
23531
38885
19220
27275
62902
46393
50501
58739
47489
34306
27004
30881
22164
7904
54806
58191
65417
50592
50266
24243
36292
28128
21176
22889
30205
24966
30282
27309
8250
63616
19488
5889
60935
20660
42235
53472
30063
13478
6740
37403
26235
2323
10037
41796
49334
39709
43850
45260
33068
46380
62151
47596
64916
60140
32559
32104
60171
16241
26348
16445
33767
38175
25818
65259
9379
44877
28335
10610
26006
43031
5552
45721
44324
63533
32504
42001
54837
5451
47401
24144
37814
60698
13298
21554
26197
423
61415
11928
52805
52692
61906
48812
41929
42594
637
18740
20690
55768
39233
30067
52491
36263
12219
29535
14312
7924
20358
4315
22095
22440
13096
11413
48267
23486
52130
41878
47380
22128
49215
42537
4565
46236
61393
27646
33666
57967
21350
57391
22542
4602
1133
8285
43137
64084
63218
12956
62066
45042
28649
21337
46300
267
4678
7948
27519
19201
49716
8906
36562
49187
64680
35165
58447
21589
6133
56754
11124
25903
44438
51376
18814
48733
6686
38509
44073
17499
58764
11947
25626
13131
9579
2472
55200
51704
59295
27144
56441
53542
4609
11478
3544
52126
45406
47157
48584
4836
37300
33856
7286
62499
54466
59465
19608
47755
54804
20085
37656
52835
19812
48663
45673
4604
9134
32636
2988
34718
42734
6194
34908
48598
55283
61989
5338
8268
37267
18726
5900
47142
18811
35244
52846
44863
56490
10296
57336
16504
10567
17139
49206
51110
29947
27038
41903
35575
1823
51334
49704
19659
39716
35402
15409
8621
60601
47142
55100
46198
15779
15905
34308
35398
52082
21855
27763
10324
54215
60804
25141
38019
17228
53422
38002
17902
9106
32092
8627
15379
30588
39100
53037
13263
12051
8920
37035
10207
40975
32239
12058
50196
51077
49063
2272
60960
50868
10909
31912
18969
28340
65480
38737
36009
27930
55848
51044
38366
19304
57470
50493
29132
2755
17294
65186
63716
46619
31257
17633
35226
4164
48787
61963
43835
57806
34098
37613
61464
7741
22697
11197
4431
21856
21398
1115
22862
53657
18333
225
40616
16103
64687
44254
46172
33053
33500
27554
45616
56512
45571
110
58277
7799
24519
32276
34380
53338
22141
39791
28954
64848
49503
62666
63708
39984
43667
47816
10513
49
27476
45950
15329
29832
50427
23596
8476
48458
20254
41136
11739
49575
4224
11030
10301
17614
20837
30500
47380
27960
64998
29779
19951
13
5570
17424
52954
62903
31143
19664
38474
43520
31963
28598
6915
58414
32170
42779
50008
50593
6816
56059
1199
2006
65439
9179
21760
27832
58054
32251
9729
7642
13017
26947
44043
15424
34150
58266
16493
13743
31384
58502
63272
16389
36235
23983
10519
10941
14864
64214
60254
11149
53781
58394
9971
43340
21014
53284
34117
31480
13987
1734
62772
15548
32246
49496
39594
6652
1805
58110
65379
50040
17423
33128
51367
29870
50053
45758
6139
30352
28380
29451
43112
56266
30022
27467
4993
22108
41235
28909
7909
29181
61626
63824
62614
23319
26958
50535
12664
56935
37399
35304
55582
44644
50740
65320
47360
45231
50308
46758
46632
21188
22757
16009
23483
1621
57548
53051
30557
23136
27256
20592
60356
16851
51448
35684
9263
19530
33861
19577
3283
64474
51414
23376
38400
50662
4761
10837
54488
22545
51815
62043
42565
36147
36106
20595
44124
2398
11509
57576
4272
6698
33882
17054
38131
41244
46000
30794
21624
11721
16523
37374
7787
41376
2519
21078
64597
9164
41023
31013
19955
64856
16168
43099
15660
1586
25282
7391
16233
42743
9124
22957
4990
19970
12313
10646
2244
2108
31040
32131
54322
22020
33859
52120
15708
2054
58627
6290
35133
60318
9478
33931
23091
55358
6716
37394
24944
32518
53115
29866
38404
16495
12321
24227
39170
27899
40217
64060
52544
15954
58876
6491
65453
41307
55617
10029
29793
27982
48255
1680
40867
39453
63230
41213
25561
50764
9838
24432
6143
8017
34578
37454
17349
46385
19659
57497
17648
26756
44138
41985
36313
43641
64777
37937
53257
55684
41817
40495
6676
40433
28522
38027
64475
46044
23005
60241
10089
19011
59943
56614
55306
53070
10542
58345
11957
62518
38024
28128
31630
51700
51
24549
5510
19601
1347
56028
64852
40397
27784
49645
9156
62160
21811
48824
11780
8759
27800
26732
32527
10509
44505
58869
45197
38488
8584
4583
12724
6743
14854
52618
26037
12542
64005
51982
16559
48304
38993
26860
2345
59784
55553
29845
44062
30920
43279
9638
39232
1935
57237
60639
10047
28621
6531
51344
63020
45265
47998
57715
5522
47371
64156
1593
3850
48608
930
45949
57795
32179
1205
27362
51081
33982
3465
56061
29646
32930
33154
25757
41034
505
52629
12966
56602
3656
42247
14333
64769
59240
35641
50090
9099
53243
59338
17684
38157
56032
11607
30210
48465
39447
11611
29661
39944
21683
33123
47894
14323
52972
24165
7545
62352
34550
50538
11436
16759
64288
3235
15646
49064
32853
11827
23343
18857
65075
39434
12753
26876
33883
10063
41973
19171
29649
46496
50525
48166
55150
34713
52766
64868
36903
10809
42848
46653
28537
5075
29017
31444
64362
5754
41930
23305
39812
929
27899
63977
47472
11576
17789
10905
24117
64349
61920
818
43398
18757
61789
54986
26304
17831
64476
47521
51370
6049
22243
23300
45719
24072
2933
41682
17791
4395
25477
49355
49510
51812
14347
26996
31286
52285
52300
35549
8966
11917
28721
4327
48002
64899
58915
19931
65224
31674
37824
15336
38899
55792
40122
61852
22554
49084
63181
19258
26147
35383
35949
9641
23858
168
5559
41849
25890
18404
32588
2897
21295
47314
6481
12289
53860
40581
28052
41929
54345
40275
45302
25470
58779
12148
19805
5163
22293
56982
12111
13489
47398
1901
11633
15733
64649
26621
31092
14527
31396
36673
5147
36308
36141
46168
4113
1257
24769
23792
18810
10165
21402
51003
30823
58271
50539
39262
3184
6597
14749
50363
53596
2648
24797
19807
61007
14114
42724
38569
32372
26022
3523
24779
27435
35027
25619
42807
55178
44889
53458
46722
45456
46966
60155
14827
1370
43507
51176
52622
5334
33355
13833
34187
15704
19259
48818
19817
54853
37947
33639
14406
12647
22326
38981
31839
57407
43805
40849
25619
11480
25883
13730
14330
3494
46602
36847
8257
53150
45900
59776
23260
21848
