695
706
763
624
60
363
158
955
777
747
225
953
509
935
882
875
987
127
80
703
610
157
813
731
970
674
101
782
848
605
430
140
999
317
237
786
289
156
716
138
762
505
183
293
248
206
611
19
833
692
295
679
160
71
950
475
991
797
842
636
537
288
883
834
752
914
740
319
982
449
281
236
377
114
22
196
398
353
502
734
556
912
665
262
429
220
213
939
4
65
791
859
921
389
88
315
394
54
167
926
978
330
326
513
564
968
809
10
919
344
753
654
27
362
180
983
525
957
671
514
119
484
603
476
622
239
229
482
268
136
586
792
382
563
801
758
348
302
443
614
324
354
428
120
258
478
689
20
240
291
916
851
411
314
503
439
53
355
536
266
721
857
837
523
804
518
58
189
741
779
814
28
895
739
495
641
727
369
371
554
631
544
823
94
709
458
487
928
161
218
541
409
81
744
86
905
337
100
881
357
39
913
299
529
173
316
3
607
539
961
367
323
451
548
591
139
974
644
418
788
676
455
532
238
501
52
200
648
185
840
468
486
954
531
50
47
941
226
68
736
457
530
379
718
570
927
170
542
370
331
705
123
561
364
275
162
435
259
553
877
310
949
292
477
810
811
272
497
121
228
404
626
759
485
574
164
506
527
15
380
294
967
57
24
655
756
720
273
824
152
145
843
765
406
593
59
55
623
806
416
360
560
215
512
521
500
176
424
743
946
849
945
729
973
708
750
969
571
23
107
575
108
600
48
598
84
661
872
947
150
49
73
191
234
664
960
202
874
992
163
242
680
576
853
923
321
704
280
438
408
783
384
462
754
673
211
209
212
453
693
646
308
918
588
697
274
166
479
724
924
812
785
732
174
496
562
210
290
432
612
657
169
699
190
307
177
467
733
793
816
996
427
89
569
400
742
579
413
929
666
547
802
861
251
775
713
577
92
825
952
62
395
342
93
332
795
37
669
790
774
201
198
278
976
534
255
715
126
535
375
434
437
865
43
66
257
887
131
608
573
520
862
419
207
751
399
420
235
886
625
296
511
9
722
550
187
18
938
515
41
134
8
147
580
768
712
932
284
393
361
566
124
36
855
745
737
454
341
964
602
143
194
199
368
61
850
595
359
159
845
269
305
203
99
951
519
441
245
656
442
472
25
422
33
197
910
122
585
345
870
820
663
153
888
746
343
796
148
51
351
594
29
900
858
129
565
694
677
410
728
320
633
685
749
828
95
696
867
684
698
91
431
897
16
847
334
221
252
925
111
417
397
32
76
854
249
483
975
568
471
507
601
546
267
328
650
219
415
800
90
186
540
125
590
876
366
717
896
103
821
830
182
376
596
386
329
907
254
714
632
972
498
231
459
627
481
979
615
271
277
300
349
373
335
35
899
260
311
414
838
30
436
155
871
761
456
401
770
313
264
682
117
660
425
261
246
852
789
298
817
224
884
635
12
794
312
735
878
748
102
40
776
98
193
168
981
135
533
46
115
74
142
69
723
448
192
184
5
642
128
894
67
986
26
931
217
936
891
683
137
839
617
504
672
868
286
336
662
528
764
769
668
352
346
803
21
678
14
690
460
392
618
989
766
402
17
994
567
551
327
589
841
893
647
863
489
869
640
977
557
619
44
711
465
412
279
7
909
620
915
901
597
445
358
700
773
639
112
204
256
106
780
829
651
339
836
844
634
760
920
903
879
831
934
372
2
552
45
885
767
993
301
423
808
421
297
195
282
587
609
998
31
243
110
582
172
545
325
904
965
433
85
606
309
82
629
866
118
997
151
517
898
880
149
63
144
917
772
446
480
889
109
216
710
959
247
79
387
491
653
447
930
493
628
719
374
860
141
538
403
572
270
771
42
333
390
990
276
778
937
592
873
799
469
738
130
385
966
322
463
892
784
205
578
621
906
584
175
658
304
96
499
526
559
340
815
835
356
549
253
798
78
492
958
223
984
686
405
227
942
818
688
832
466
643
464
233
543
388
444
214
956
232
1
70
944
524
687
890
179
116
911
11
87
613
365
701
426
178
781
381
263
757
83
819
995
452
583
908
516
616
933
77
522
72
303
962
474
725
181
75
105
510
707
805
396
241
494
244
826
488
963
461
902
985
490
726
827
473
787
864
943
630
113
940
558
250
637
440
265
38
338
730
755
285
391
846
306
638
670
133
13
0
56
922
347
34
581
508
948
659
470
97
171
283
681
383
287
980
599
645
856
649
652
6
350
555
675
702
822
165
132
807
222
988
971
407
188
667
604
64
104
208
146
318
450
691
154
230
